[gd_scene load_steps=20 format=2]

[ext_resource path="res://characters/Enemies/raw_assets/birdMonster/birdmonster.glb" type="PackedScene" id=1]
[ext_resource path="res://characters/Hitbox.tscn" type="PackedScene" id=2]
[ext_resource path="res://characters/Enemies/Monster.gd" type="Script" id=3]
[ext_resource path="res://characters/HealthMannager.tscn" type="PackedScene" id=4]
[ext_resource path="res://characters/CharEnemyMover.tscn" type="PackedScene" id=5]
[ext_resource path="res://characters/Enemies/AimAtObject.gd" type="Script" id=6]
[ext_resource path="res://weapons/DamageArea.tscn" type="PackedScene" id=7]
[ext_resource path="res://SFX/Chacters/hit2.wav" type="AudioStream" id=8]
[ext_resource path="res://SFX/Chacters/hit3.wav" type="AudioStream" id=9]
[ext_resource path="res://SFX/Chacters/hit1.wav" type="AudioStream" id=10]
[ext_resource path="res://SFX/HitSound.gd" type="Script" id=11]

[sub_resource type="CapsuleShape" id=1]
radius = 0.306354
height = 1.23987

[sub_resource type="CapsuleShape" id=2]
radius = 0.288078
height = 1.16155

[sub_resource type="CapsuleShape" id=3]
radius = 0.169415
height = 1.49579

[sub_resource type="CapsuleShape" id=4]
radius = 0.356903
height = 1.16155

[sub_resource type="CapsuleShape" id=5]
radius = 0.317619
height = 1.46882

[sub_resource type="BoxShape" id=6]
extents = Vector3( 0.689158, 0.680137, 0.471014 )

[sub_resource type="BoxShape" id=7]
extents = Vector3( 0.99979, 0.771905, 1.09789 )

[sub_resource type="SphereShape" id=8]
radius = 0.333719

[node name="BirdMonster" type="KinematicBody"]
collision_layer = 16
collision_mask = 19
script = ExtResource( 3 )
attack_angle = 45.0
attack_rate = 1.0
attack_anim_speed_mod = 1.0

[node name="CollisionShape" type="CollisionShape" parent="."]
transform = Transform( 1, 0, 0, 0, -1.62921e-07, 1, 0, -1, -1.62921e-07, 0, 0.883798, 0 )
shape = SubResource( 1 )

[node name="Graphics" parent="." instance=ExtResource( 1 )]

[node name="Skeleton" parent="Graphics/Armature" index="0"]
bones/0/bound_children = [ NodePath("Hip") ]
bones/1/bound_children = [ NodePath("Body"), NodePath("Head") ]
bones/2/bound_children = [ NodePath("ArmUL") ]
bones/3/bound_children = [ NodePath("ArmLL") ]
bones/4/bound_children = [ NodePath("ArmUR") ]
bones/5/bound_children = [ NodePath("ArmLR") ]
bones/6/bound_children = [ NodePath("LegUL") ]
bones/7/bound_children = [ NodePath("LegLL") ]
bones/8/bound_children = [ NodePath("LegUR") ]
bones/9/bound_children = [ NodePath("LegLR") ]

[node name="ArmUL" type="BoneAttachment" parent="Graphics/Armature/Skeleton" index="1"]
transform = Transform( -0.762323, 0.647196, 8.20133e-07, -0.52914, -0.623267, 0.575803, 0.372658, 0.438947, 0.817589, 0.176714, 1.48577, -0.135291 )
bone_name = "upper_arml"

[node name="Hitbox" parent="Graphics/Armature/Skeleton/ArmUL" instance=ExtResource( 2 )]

[node name="CollisionShape" type="CollisionShape" parent="Graphics/Armature/Skeleton/ArmUL/Hitbox"]
transform = Transform( 0.231528, -2.98023e-08, 1.2666e-07, 2.23517e-08, -7.45058e-09, -0.280679, 7.45058e-09, 0.231528, -7.45058e-09, 1.19209e-07, 0.196597, 0.0233286 )
shape = SubResource( 2 )

[node name="ArmUR" type="BoneAttachment" parent="Graphics/Armature/Skeleton" index="2"]
transform = Transform( -0.762323, -0.647196, -8.04094e-07, 0.52914, -0.623267, 0.575803, -0.372658, 0.438947, 0.817589, -0.176714, 1.48577, -0.135291 )
bone_name = "upper_armr"

[node name="Hitbox" parent="Graphics/Armature/Skeleton/ArmUR" instance=ExtResource( 2 )]

[node name="CollisionShape" type="CollisionShape" parent="Graphics/Armature/Skeleton/ArmUR/Hitbox"]
transform = Transform( 0.231528, -2.98023e-08, 1.2666e-07, 2.23517e-08, -7.45058e-09, -0.280679, 7.45058e-09, 0.231528, -7.45058e-09, 1.19209e-07, 0.196597, 0.0233286 )
shape = SubResource( 2 )

[node name="ArmLR" type="BoneAttachment" parent="Graphics/Armature/Skeleton" index="3"]
transform = Transform( -0.998522, -0.0543442, -6.79123e-07, 0.0332622, -0.611173, 0.790798, -0.0429755, 0.78963, 0.612077, -0.456291, 1.21653, 0.0543261 )
bone_name = "lower_armr"

[node name="Hitbox" parent="Graphics/Armature/Skeleton/ArmLR" instance=ExtResource( 2 )]

[node name="CollisionShape" type="CollisionShape" parent="Graphics/Armature/Skeleton/ArmLR/Hitbox"]
transform = Transform( 0.231528, -2.98023e-08, 1.2666e-07, 2.23517e-08, -7.45058e-09, -0.280679, 7.45058e-09, 0.231528, -7.45058e-09, 1.19209e-07, 0.196597, 0.0233286 )
shape = SubResource( 3 )

[node name="CollisionShape2" type="CollisionShape" parent="Graphics/Armature/Skeleton/ArmLR/Hitbox"]
transform = Transform( 0.205759, -0.00960612, 0.12816, 0.105872, 0.0353417, -0.24591, -0.00772116, 0.228613, 0.0434009, -0.0798996, 0.635795, -0.0297878 )
shape = SubResource( 3 )

[node name="CollisionShape3" type="CollisionShape" parent="Graphics/Armature/Skeleton/ArmLR/Hitbox"]
transform = Transform( 0.211494, 0.0254889, 0.109951, 0.0942105, -0.056904, -0.246937, -0.00013357, 0.222974, -0.0755882, -0.056822, 0.584214, 0.134345 )
shape = SubResource( 3 )

[node name="CollisionShape4" type="CollisionShape" parent="Graphics/Armature/Skeleton/ArmLR/Hitbox"]
transform = Transform( 0.222014, -0.0367397, 0.0660124, 0.0643297, 0.0827793, -0.250256, 0.0132888, 0.21308, 0.108604, -0.0364538, 0.542827, -0.140214 )
shape = SubResource( 3 )

[node name="ArmLL" type="BoneAttachment" parent="Graphics/Armature/Skeleton" index="4"]
transform = Transform( -0.998522, 0.0543442, 6.6465e-07, -0.0332621, -0.611173, 0.790798, 0.0429756, 0.78963, 0.612077, 0.456291, 1.21653, 0.054326 )
bone_name = "lower_arml"

[node name="Hitbox" parent="Graphics/Armature/Skeleton/ArmLL" instance=ExtResource( 2 )]

[node name="CollisionShape" type="CollisionShape" parent="Graphics/Armature/Skeleton/ArmLL/Hitbox"]
transform = Transform( 0.231528, -2.98023e-08, 1.2666e-07, 2.23517e-08, -7.45058e-09, -0.280679, 7.45058e-09, 0.231528, -7.45058e-09, 1.19209e-07, 0.196597, 0.0233286 )
shape = SubResource( 3 )

[node name="CollisionShape2" type="CollisionShape" parent="Graphics/Armature/Skeleton/ArmLL/Hitbox"]
transform = Transform( 0.219562, -0.00960612, -0.0883021, -0.0706532, 0.0353417, -0.263835, 0.0201482, 0.228613, 0.0370763, 0.0621671, 0.59887, -0.0181102 )
shape = SubResource( 3 )

[node name="CollisionShape3" type="CollisionShape" parent="Graphics/Armature/Skeleton/ArmLL/Hitbox"]
transform = Transform( 0.209355, 0.0190001, -0.117627, -0.0873948, -0.0706904, -0.245381, -0.0462356, 0.219652, -0.0687957, 0.077769, 0.528029, 0.104621 )
shape = SubResource( 3 )

[node name="CollisionShape4" type="CollisionShape" parent="Graphics/Armature/Skeleton/ArmLL/Hitbox"]
transform = Transform( 0.223698, -0.031106, -0.0617777, -0.0314098, 0.106745, -0.24614, 0.0507728, 0.203084, 0.119913, 0.0351804, 0.515839, -0.138811 )
shape = SubResource( 3 )

[node name="LegUL" type="BoneAttachment" parent="Graphics/Armature/Skeleton" index="5"]
transform = Transform( -0.782999, 0.14838, 0.604046, 0.0548854, -0.95086, 0.304714, 0.619573, 0.271751, 0.736382, 0.131876, 0.936301, 1.36788e-07 )
bone_name = "upperlegl"

[node name="Hitbox" parent="Graphics/Armature/Skeleton/LegUL" instance=ExtResource( 2 )]

[node name="CollisionShape" type="CollisionShape" parent="Graphics/Armature/Skeleton/LegUL/Hitbox"]
transform = Transform( 0.231528, -7.45058e-09, 2.6077e-08, 2.23517e-08, -0.00743765, -0.280534, 0, 0.231409, -0.00901657, 1.22935e-07, 0.196597, 0.0233286 )
shape = SubResource( 4 )

[node name="LegUR" type="BoneAttachment" parent="Graphics/Armature/Skeleton" index="6"]
transform = Transform( -0.782998, -0.148381, -0.604045, -0.0548847, -0.950859, 0.304716, -0.619573, 0.271751, 0.736382, -0.131876, 0.936301, 1.36788e-07 )
bone_name = "upperlegr"

[node name="Hitbox" parent="Graphics/Armature/Skeleton/LegUR" instance=ExtResource( 2 )]

[node name="CollisionShape" type="CollisionShape" parent="Graphics/Armature/Skeleton/LegUR/Hitbox"]
transform = Transform( 0.231528, -7.45058e-09, 2.6077e-08, 2.23517e-08, -0.00743765, -0.280534, 0, 0.231409, -0.00901657, 1.22935e-07, 0.196597, 0.0233286 )
shape = SubResource( 4 )

[node name="LegLR" type="BoneAttachment" parent="Graphics/Armature/Skeleton" index="7"]
transform = Transform( -0.786344, 0.178841, -0.591314, -0.0264676, -0.966051, -0.256985, -0.617197, -0.186425, 0.76439, -0.193832, 0.539271, 0.11347 )
bone_name = "lowerlegr"

[node name="Hitbox" parent="Graphics/Armature/Skeleton/LegLR" instance=ExtResource( 2 )]

[node name="CollisionShape" type="CollisionShape" parent="Graphics/Armature/Skeleton/LegLR/Hitbox"]
transform = Transform( 0.231528, 0, 3.35276e-08, 1.67638e-08, -0.00743766, -0.280534, 2.98023e-08, 0.231409, -0.00901658, 1.2666e-07, 0.227284, 0.0243146 )
shape = SubResource( 5 )

[node name="LegLL" type="BoneAttachment" parent="Graphics/Armature/Skeleton" index="8"]
transform = Transform( -0.786345, -0.178843, 0.591314, 0.0264683, -0.966051, -0.256987, 0.617196, -0.186426, 0.76439, 0.193832, 0.539271, 0.113469 )
bone_name = "lowerlegl"

[node name="Hitbox" parent="Graphics/Armature/Skeleton/LegLL" instance=ExtResource( 2 )]

[node name="CollisionShape" type="CollisionShape" parent="Graphics/Armature/Skeleton/LegLL/Hitbox"]
transform = Transform( 0.231528, 0, 3.35276e-08, 1.67638e-08, -0.00743766, -0.280534, 2.98023e-08, 0.231409, -0.00901658, 1.2666e-07, 0.227284, 0.0243146 )
shape = SubResource( 5 )

[node name="Hip" type="BoneAttachment" parent="Graphics/Armature/Skeleton" index="9"]
transform = Transform( 1, 0, 0, 0, 1, 0, 0, 0, 1, 0, 0.915201, 0 )
bone_name = "hip"

[node name="Hitbox" parent="Graphics/Armature/Skeleton/Hip" instance=ExtResource( 2 )]

[node name="CollisionShape" type="CollisionShape" parent="Graphics/Armature/Skeleton/Hip/Hitbox"]
transform = Transform( 0.231528, 0, 3.35276e-08, 1.67638e-08, -0.00743766, -0.280534, 2.98023e-08, 0.231409, -0.00901658, 1.36856e-07, 0.144407, -0.00828281 )
shape = SubResource( 6 )

[node name="Body" type="BoneAttachment" parent="Graphics/Armature/Skeleton" index="10"]
transform = Transform( 1, 0, 2.38418e-07, -8.6824e-08, 0.931334, 0.364166, -2.22047e-07, -0.364166, 0.931334, 0, 1.13977, 0 )
bone_name = "body"

[node name="Hitbox" parent="Graphics/Armature/Skeleton/Body" instance=ExtResource( 2 )]

[node name="CollisionShape" type="CollisionShape" parent="Graphics/Armature/Skeleton/Body/Hitbox"]
transform = Transform( 0.231528, -5.08097e-08, 3.36939e-08, 1.0777e-08, -0.0713728, -0.26701, 5.69032e-08, 0.220253, -0.0865245, 1.21974e-07, 0.262345, 0.0299348 )
shape = SubResource( 7 )

[node name="Head" type="BoneAttachment" parent="Graphics/Armature/Skeleton" index="11"]
transform = Transform( 1, 0, 2.38418e-07, -8.6824e-08, 0.931334, 0.364166, -2.22047e-07, -0.364166, 0.931334, 0, 1.13977, 0 )
bone_name = "body"

[node name="Hitbox2" parent="Graphics/Armature/Skeleton/Head" instance=ExtResource( 2 )]
transform = Transform( 1, -7.10543e-15, -4.26326e-14, 0, 1, 0, 0, 0, 1, 0, 0, 0 )
weak_spot = true

[node name="CollisionShape2" type="CollisionShape" parent="Graphics/Armature/Skeleton/Head/Hitbox2"]
transform = Transform( 0.231528, -5.08098e-08, 3.36939e-08, 1.0777e-08, -0.0713728, -0.26701, 5.69032e-08, 0.220253, -0.0865245, 4.15389e-08, 0.471372, 0.317622 )
shape = SubResource( 8 )

[node name="HealthMannager" parent="." instance=ExtResource( 4 )]
transform = Transform( 1, 0, 0, 0, 1, 0, 0, 0, 1, 0, 1.30468, 0 )
max_health = 20

[node name="CharEnemyMover" parent="." instance=ExtResource( 5 )]
transform = Transform( 1, 0, 0, 0, 1, 0, 0, 0, 1, 0, 1.30468, 0 )
move_accel = 4
max_speed = 10
ignore_rotation = true

[node name="AimAtObject" type="Spatial" parent="."]
transform = Transform( 1, 0, 0, 0, 1, 0, 0, 0, 1, 0, 1, 0.479771 )
script = ExtResource( 6 )

[node name="DamageArea" parent="AimAtObject" instance=ExtResource( 7 )]
transform = Transform( 1, 0, 0, 0, 1, 0, 0, 0, 1, 0, 0, 0.614046 )

[node name="HitSound" type="Spatial" parent="."]
script = ExtResource( 11 )

[node name="AudioStreamPlayer3D" type="AudioStreamPlayer3D" parent="HitSound"]
stream = ExtResource( 10 )
bus = "sfx"

[node name="AudioStreamPlayer3D2" type="AudioStreamPlayer3D" parent="HitSound"]
stream = ExtResource( 8 )
bus = "sfx"

[node name="AudioStreamPlayer3D3" type="AudioStreamPlayer3D" parent="HitSound"]
stream = ExtResource( 9 )
bus = "sfx"

[connection signal="hurt" from="HealthMannager" to="HitSound" method="play"]

[editable path="Graphics"]
