[gd_scene load_steps=18 format=2]

[ext_resource path="res://characters/Enemies/raw_assets/Reptilemoster/reptilemonster.glb" type="PackedScene" id=1]
[ext_resource path="res://characters/Hitbox.tscn" type="PackedScene" id=2]
[ext_resource path="res://characters/Enemies/Monster.gd" type="Script" id=3]
[ext_resource path="res://characters/HealthMannager.tscn" type="PackedScene" id=4]
[ext_resource path="res://characters/CharcaterMover.tscn" type="PackedScene" id=5]
[ext_resource path="res://characters/Enemies/AimAtObject.gd" type="Script" id=6]
[ext_resource path="res://weapons/FireballSpawner.tscn" type="PackedScene" id=7]

[sub_resource type="CapsuleShape" id=1]
radius = 0.315965
height = 1.16155

[sub_resource type="CapsuleShape" id=2]
radius = 0.222989
height = 1.49579

[sub_resource type="CapsuleShape" id=3]
radius = 0.356903
height = 1.16155

[sub_resource type="CapsuleShape" id=4]
radius = 0.317619
height = 1.46882

[sub_resource type="BoxShape" id=5]
extents = Vector3( 0.689158, 0.621982, 0.471014 )

[sub_resource type="BoxShape" id=6]
extents = Vector3( 0.948694, 1.07981, 1.13608 )

[sub_resource type="BoxShape" id=7]
extents = Vector3( 0.680709, 0.905269, 0.600128 )

[sub_resource type="BoxShape" id=8]
extents = Vector3( 0.404586, 0.560618, 0.600128 )

[sub_resource type="CapsuleShape" id=9]
radius = 0.363698
height = 1.35536

[sub_resource type="CapsuleShape" id=10]
radius = 0.5

[node name="ReptileMonster" type="KinematicBody"]
collision_layer = 16
collision_mask = 19
script = ExtResource( 3 )
turn_speed = 660.0
attack_range = 100.0
attack_rate = 0.1
attack_anim_speed_mod = 1.0

[node name="Graphics" parent="." instance=ExtResource( 1 )]

[node name="ArmUL" type="BoneAttachment" parent="Graphics/Armature/Skeleton" index="1"]
transform = Transform( -0.768204, 0.639068, -0.0381404, -0.634004, -0.767684, -0.0932756, -0.0888892, -0.0474735, 0.994909, 0.218738, 1.59086, 0.0117653 )
bone_name = "upper_arml"

[node name="Hitbox" parent="Graphics/Armature/Skeleton/ArmUL" instance=ExtResource( 2 )]

[node name="CollisionShape" type="CollisionShape" parent="Graphics/Armature/Skeleton/ArmUL/Hitbox"]
transform = Transform( 0.228982, 0.0156051, 0.0369498, 0.0283024, 0.0297486, -0.276229, -0.019274, 0.229078, 0.0333548, -0.00109053, 0.146374, 0.0944058 )
shape = SubResource( 1 )

[node name="ArmUR" type="BoneAttachment" parent="Graphics/Armature/Skeleton" index="2"]
transform = Transform( -0.768204, -0.639068, 0.0381405, 0.634004, -0.767684, -0.0932756, 0.0888892, -0.0474735, 0.994909, -0.218738, 1.59086, 0.0117653 )
bone_name = "upper_armr"

[node name="Hitbox" parent="Graphics/Armature/Skeleton/ArmUR" instance=ExtResource( 2 )]

[node name="CollisionShape" type="CollisionShape" parent="Graphics/Armature/Skeleton/ArmUR/Hitbox"]
transform = Transform( 0.228669, -0.0251981, -0.0316337, -0.0265861, -0.00311019, -0.278797, 0.0246786, 0.230132, -0.0072316, 0.0340493, 0.118977, 0.0753129 )
shape = SubResource( 1 )

[node name="ArmLR" type="BoneAttachment" parent="Graphics/Armature/Skeleton" index="3"]
transform = Transform( -0.859371, -0.371408, 0.351477, 0.506519, -0.712557, 0.48549, 0.0701327, 0.595246, 0.800477, -0.43137, 1.33543, -0.00403017 )
bone_name = "lower_armr"

[node name="Hitbox" parent="Graphics/Armature/Skeleton/ArmLR" instance=ExtResource( 2 )]

[node name="CollisionShape" type="CollisionShape" parent="Graphics/Armature/Skeleton/ArmLR/Hitbox"]
transform = Transform( 0.23134, 0, 0.0112933, 0.00931567, 0, -0.280452, -1.86265e-09, 0.231528, 1.49012e-08, 0.0137321, 0.254988, 0.0233292 )
shape = SubResource( 2 )

[node name="ArmLL" type="BoneAttachment" parent="Graphics/Armature/Skeleton" index="4"]
transform = Transform( -0.859372, 0.371408, -0.351477, -0.506519, -0.712558, 0.48549, -0.0701327, 0.595246, 0.800477, 0.43137, 1.33543, -0.00403016 )
bone_name = "lower_arml"

[node name="Hitbox" parent="Graphics/Armature/Skeleton/ArmLL" instance=ExtResource( 2 )]
transform = Transform( 1, -5.40167e-08, 5.96046e-08, -4.28408e-08, 1, -2.98023e-08, 1.86265e-08, 8.9407e-08, 1, 0.0472662, 0.0625659, 1.19209e-07 )

[node name="CollisionShape" type="CollisionShape" parent="Graphics/Armature/Skeleton/ArmLL/Hitbox"]
transform = Transform( 0.227615, -0.0422227, -0.00446278, 0.00228452, 0.0323034, -0.27792, 0.0423213, 0.225342, 0.0390042, -0.0664241, 0.179779, 0.0648216 )
shape = SubResource( 2 )

[node name="LegUL" type="BoneAttachment" parent="Graphics/Armature/Skeleton" index="5"]
transform = Transform( -0.974353, 0.104194, 0.199444, -0.0552489, -0.969979, 0.236828, 0.218133, 0.219736, 0.950858, 0.123436, 0.961497, 1.56462e-07 )
bone_name = "upper_legl"

[node name="Hitbox" parent="Graphics/Armature/Skeleton/LegUL" instance=ExtResource( 2 )]

[node name="CollisionShape" type="CollisionShape" parent="Graphics/Armature/Skeleton/LegUL/Hitbox"]
transform = Transform( 0.230159, 0.0150282, 0.0244344, 0.0233295, -0.0584734, -0.270103, -0.00937153, 0.223518, -0.0723032, 0.00707005, 0.269692, 0.0323064 )
shape = SubResource( 3 )

[node name="LegUR" type="BoneAttachment" parent="Graphics/Armature/Skeleton" index="6"]
transform = Transform( -0.974353, -0.104195, -0.199445, 0.0552499, -0.969979, 0.236828, -0.218134, 0.219736, 0.950857, -0.123436, 0.961497, 1.56462e-07 )
bone_name = "upper_legr"

[node name="Hitbox" parent="Graphics/Armature/Skeleton/LegUR" instance=ExtResource( 2 )]

[node name="CollisionShape" type="CollisionShape" parent="Graphics/Armature/Skeleton/LegUR/Hitbox"]
transform = Transform( 0.231528, 0, 2.23517e-08, 1.86265e-08, -0.00743766, -0.280534, -7.45058e-09, 0.231409, -0.00901657, 8.9407e-08, 0.24963, 0.0250332 )
shape = SubResource( 3 )

[node name="LegLR" type="BoneAttachment" parent="Graphics/Armature/Skeleton" index="7"]
transform = Transform( -0.978013, 0.0485482, -0.202811, -0.0195284, -0.989572, -0.14271, -0.207625, -0.13561, 0.968761, -0.175064, 0.48088, 0.108877 )
bone_name = "lowerlegr"

[node name="Hitbox" parent="Graphics/Armature/Skeleton/LegLR" instance=ExtResource( 2 )]

[node name="CollisionShape" type="CollisionShape" parent="Graphics/Armature/Skeleton/LegLR/Hitbox"]
transform = Transform( 0.231528, 0, 3.35276e-08, 1.67638e-08, -0.00743766, -0.280534, 2.98023e-08, 0.231409, -0.00901658, 1.2666e-07, 0.227284, 0.0243146 )
shape = SubResource( 4 )

[node name="LegLL" type="BoneAttachment" parent="Graphics/Armature/Skeleton" index="8"]
transform = Transform( -0.978013, -0.0485491, 0.20281, 0.0195293, -0.989571, -0.14271, 0.207624, -0.135611, 0.968761, 0.175063, 0.48088, 0.108877 )
bone_name = "lowerlegl"

[node name="Hitbox" parent="Graphics/Armature/Skeleton/LegLL" instance=ExtResource( 2 )]

[node name="CollisionShape" type="CollisionShape" parent="Graphics/Armature/Skeleton/LegLL/Hitbox"]
transform = Transform( 0.231528, 0, 3.35276e-08, 1.67638e-08, -0.00743766, -0.280534, 2.98023e-08, 0.231409, -0.00901658, 1.2666e-07, 0.227284, 0.0243146 )
shape = SubResource( 4 )

[node name="Hip" type="BoneAttachment" parent="Graphics/Armature/Skeleton" index="9"]
transform = Transform( 1, 0, 0, 0, 0.978673, -0.205425, 0, 0.205425, 0.978673, 2.84689e-18, 0.948998, -0.0952436 )
bone_name = "hip"

[node name="Hitbox" parent="Graphics/Armature/Skeleton/Hip" instance=ExtResource( 2 )]
transform = Transform( 1, 0, 0, 0, 1, 0, 0, 0, 1, 0, 0, 0.114693 )

[node name="CollisionShape" type="CollisionShape" parent="Graphics/Armature/Skeleton/Hip/Hitbox"]
transform = Transform( 0.231528, 0, 3.35276e-08, 1.67638e-08, -0.00743766, -0.280534, 2.98023e-08, 0.231409, -0.00901657, 1.35381e-07, 0.117308, 0.0184179 )
shape = SubResource( 5 )

[node name="Body" type="BoneAttachment" parent="Graphics/Armature/Skeleton" index="10"]
transform = Transform( 1, 1.77636e-15, -2.38419e-07, -2.5024e-08, 0.994477, -0.104958, 2.37102e-07, 0.104958, 0.994477, 2.84689e-18, 1.20205, -0.042127 )
bone_name = "body"

[node name="Hitbox" parent="Graphics/Armature/Skeleton/Body" instance=ExtResource( 2 )]

[node name="CollisionShape" type="CollisionShape" parent="Graphics/Armature/Skeleton/Body/Hitbox"]
transform = Transform( 0.231528, -5.73333e-08, 9.92565e-09, 1.07771e-08, 0.0104913, -0.280391, 5.69032e-08, 0.231291, 0.0127185, 9.88957e-08, 0.138752, 0.147245 )
shape = SubResource( 6 )

[node name="CollisionShape2" type="CollisionShape" parent="Graphics/Armature/Skeleton/Body/Hitbox"]
transform = Transform( 0.231528, -5.72126e-08, 1.09009e-08, 1.07768e-08, 0.00724057, -0.280542, 5.69032e-08, 0.231416, 0.00877765, 1.00481e-07, 0.0304662, 0.1613 )
shape = SubResource( 7 )

[node name="CollisionShape3" type="CollisionShape" parent="Graphics/Armature/Skeleton/Body/Hitbox"]
transform = Transform( 0.231528, -6.67114e-08, 2.41331e-08, 2.44576e-08, 0.0159576, -0.280012, 6.51804e-08, 0.230979, 0.0193451, 1.1926e-07, 0.46762, 0.0352636 )
shape = SubResource( 8 )

[node name="Head" type="BoneAttachment" parent="Graphics/Armature/Skeleton" index="11"]
transform = Transform( 1, 1.77636e-15, -2.38419e-07, -2.5024e-08, 0.994477, -0.104958, 2.37102e-07, 0.104958, 0.994477, 2.84689e-18, 1.20205, -0.042127 )
bone_name = "body"

[node name="Hitbox2" parent="Graphics/Armature/Skeleton/Head" instance=ExtResource( 2 )]
transform = Transform( 1, 0, -1.42109e-14, 0, 1, 0, 0, 0, 1, 0, 0, 0 )
weak_spot = true

[node name="CollisionShape2" type="CollisionShape" parent="Graphics/Armature/Skeleton/Head/Hitbox2"]
transform = Transform( 0.231528, -3.01278e-08, -5.99618e-08, 1.0777e-08, 0.216693, -0.098855, 5.69032e-08, 0.0815441, 0.262695, 5.00306e-08, 0.640139, 0.251107 )
shape = SubResource( 9 )

[node name="CollisionShape" type="CollisionShape" parent="."]
transform = Transform( 1, 0, 0, 0, -1.62921e-07, 1, 0, -1, -1.62921e-07, 0, 1, 0 )
shape = SubResource( 10 )

[node name="HealthMannager" parent="." instance=ExtResource( 4 )]
transform = Transform( 1, 0, 0, 0, 1, 0, 0, 0, 1, 0, 1.10643, 0 )
max_health = 20

[node name="CharcaterMover" parent="." instance=ExtResource( 5 )]
move_accel = 2
ignore_rotation = true

[node name="AimAtObject" type="Spatial" parent="."]
transform = Transform( 1, 0, 0, 0, 1, 0, 0, 0, 1, 0, 1, 0.479771 )
script = ExtResource( 6 )

[node name="FireballSpawner" parent="AimAtObject" instance=ExtResource( 7 )]
transform = Transform( -1, 0, -3.25841e-07, 0, 1, 0, 3.25841e-07, 0, -1, 4.17425e-08, 0.138027, 0.128107 )

[editable path="Graphics"]
